0.06470588235294117
0.0776470588235294
0.0776470588235294
0.06470588235294117
0.09058823529411764
0.09058823529411764
0.0776470588235294
0.1164705882352941
0.10352941176470587
0.10352941176470587
0.1164705882352941
0.12941176470588234
0.1552941176470588
0.14235294117647057
0.1552941176470588
0.16823529411764704
0.18117647058823527
0.1941176470588235
0.20705882352941174
0.20705882352941174
0.2329411764705882
0.24588235294117644
0.2588235294117647
0.2717647058823529
0.28470588235294114
0.28470588235294114
0.2976470588235294
0.3364705882352941
0.3364705882352941
0.36235294117647054
0.388235294117647
0.40117647058823525
0.42705882352941177
0.4658823529411764
0.4917647058823529
0.5176470588235293
0.5435294117647058
0.5435294117647058
0.5952941176470588
0.5952941176470588
0.6470588235294117
0.6729411764705882
0.7247058823529411
0.7247058823529411
0.7894117647058824
0.8152941176470588
0.8541176470588235
0.8799999999999999
0.9188235294117647
0.9447058823529411
0.9835294117647058
1.0223529411764705
1.0870588235294116
1.1129411764705883
1.1388235294117646
1.1905882352941175
1.2423529411764704
1.2811764705882354
1.3070588235294116
1.371764705882353
1.4105882352941175
1.4364705882352942
1.5011764705882351
1.54
1.5788235294117647
1.6176470588235292
1.6823529411764704
1.7470588235294118
1.772941176470588
1.8247058823529412
1.876470588235294
1.9023529411764704
1.9541176470588235
2.005882352941176
2.031764705882353
2.083529411764706
2.1223529411764708
2.1741176470588233
2.1999999999999997
2.2388235294117647
2.277647058823529
2.3035294117647056
2.3294117647058825
2.368235294117647
2.4329411764705884
2.4458823529411764
2.471764705882353
2.5235294117647054
2.5494117647058823
2.5752941176470587
2.614117647058823
2.64
2.6658823529411766
2.6788235294117646
2.717647058823529
2.7305882352941175
2.756470588235294
2.7952941176470585
2.7952941176470585
2.821176470588235
2.821176470588235
2.8729411764705883
2.86
2.911764705882353
2.9376470588235293
2.9376470588235293
2.9635294117647057
2.976470588235294
2.989411764705882
2.989411764705882
2.989411764705882
3.0282352941176467
3.0152941176470587
3.041176470588235
3.0541176470588236
3.0541176470588236
3.08
3.092941176470588
3.08
3.08
3.105882352941176
3.1188235294117646
3.1188235294117646
3.1188235294117646
3.1317647058823526
3.1317647058823526
3.144705882352941
3.1576470588235295
3.1576470588235295
3.183529411764706
3.1705882352941175
3.1705882352941175
3.1705882352941175
3.196470588235294
3.183529411764706
3.183529411764706
3.196470588235294
3.209411764705882
3.209411764705882
3.2223529411764704
3.183529411764706
3.209411764705882
3.209411764705882
3.209411764705882
3.2223529411764704
3.2223529411764704
3.209411764705882
3.209411764705882
3.209411764705882
3.2223529411764704
3.2223529411764704
3.2352941176470584
3.248235294117647
3.2352941176470584
3.2352941176470584
3.2352941176470584
3.248235294117647
3.2223529411764704
3.2352941176470584
3.248235294117647
3.2352941176470584
3.2223529411764704
3.248235294117647
3.2352941176470584
3.2352941176470584
3.248235294117647
3.2611764705882353
3.248235294117647
3.2611764705882353
3.2611764705882353
3.248235294117647
3.248235294117647
3.248235294117647
3.248235294117647
3.2352941176470584
3.248235294117647
3.248235294117647
3.248235294117647
3.2741176470588234
3.248235294117647
3.248235294117647
3.2611764705882353
3.248235294117647
3.092941176470588
2.9376470588235293
2.821176470588235
2.704705882352941
2.5623529411764707
2.484705882352941
2.381176470588235
2.3035294117647056
2.2258823529411766
2.135294117647059
2.0576470588235294
1.992941176470588
1.9411764705882353
1.876470588235294
1.8247058823529412
1.7858823529411763
1.708235294117647
1.6694117647058822
1.6305882352941177
1.5788235294117647
1.5658823529411763
1.5270588235294118
1.4623529411764704
1.4494117647058822
1.423529411764706
1.371764705882353
1.3588235294117645
1.32
1.2941176470588234
1.2682352941176471
1.2423529411764704
1.2294117647058824
1.1647058823529413
1.1517647058823528
1.1647058823529413
1.1258823529411763
1.1129411764705883
1.0741176470588234
1.0741176470588234
1.0352941176470587
1.0223529411764705
1.0094117647058825
1.0094117647058825
0.9835294117647058
0.9705882352941176
0.9447058823529411
0.9576470588235294
0.9317647058823528
0.9058823529411765
0.9058823529411765
0.8799999999999999
0.8670588235294118
0.8541176470588235
0.8541176470588235
0.8411764705882352
0.8411764705882352
0.828235294117647
0.7894117647058824
0.8023529411764705
0.7894117647058824
0.7894117647058824
0.7505882352941176
0.7505882352941176
0.7505882352941176
0.7505882352941176
0.7247058823529411
0.7247058823529411
0.7247058823529411
0.7247058823529411
0.6858823529411765
0.6988235294117646
0.6858823529411765
0.6858823529411765
0.6470588235294117
0.6729411764705882
0.66
0.6341176470588236
0.6470588235294117
0.6211764705882352
0.6082352941176471
0.6341176470588236
0.6082352941176471
0.6211764705882352
0.6082352941176471
0.6082352941176471
0.5823529411764706
0.5823529411764706
0.5823529411764706
0.5823529411764706
0.5694117647058823
0.5564705882352942
0.5694117647058823
0.5435294117647058
0.5564705882352942
0.5435294117647058
0.5305882352941177
0.5176470588235293
0.5176470588235293
0.5305882352941177
0.5176470588235293
0.5305882352941177
0.5047058823529412
0.5176470588235293
0.4917647058823529
0.4788235294117647
0.4917647058823529
0.4917647058823529
0.4917647058823529
0.4658823529411764
0.4788235294117647
0.4917647058823529
0.4658823529411764
0.4658823529411764
0.4658823529411764
0.4658823529411764
0.45294117647058824
0.43999999999999995
0.43999999999999995
0.45294117647058824
0.45294117647058824
0.45294117647058824
0.43999999999999995
0.43999999999999995
0.42705882352941177
0.4141176470588235
0.42705882352941177
0.4141176470588235
0.42705882352941177
0.4141176470588235
0.42705882352941177
0.4141176470588235
0.40117647058823525
0.4141176470588235
0.388235294117647
0.40117647058823525
0.388235294117647
0.40117647058823525
0.4141176470588235
0.3752941176470588
0.388235294117647
0.3752941176470588
0.3752941176470588
0.3752941176470588
0.3752941176470588
0.36235294117647054
0.3752941176470588
0.3752941176470588
0.3494117647058823
0.36235294117647054
0.36235294117647054
0.36235294117647054
0.36235294117647054
0.3494117647058823
0.36235294117647054
0.3494117647058823
0.3494117647058823
0.3364705882352941
0.3364705882352941
0.3494117647058823
0.3364705882352941
0.3494117647058823
0.3364705882352941
0.3494117647058823
0.3494117647058823
0.32352941176470584
0.32352941176470584
0.32352941176470584
0.32352941176470584
0.32352941176470584
0.3364705882352941
0.32352941176470584
0.32352941176470584
0.32352941176470584
0.3105882352941176
0.32352941176470584
0.3105882352941176
0.3105882352941176
0.3105882352941176
0.3105882352941176
0.2976470588235294
0.28470588235294114
0.3105882352941176
0.3105882352941176
0.2976470588235294
0.28470588235294114
0.2976470588235294
0.3105882352941176
0.28470588235294114
0.2976470588235294
0.28470588235294114
0.2976470588235294
0.2717647058823529
0.2717647058823529
0.28470588235294114
0.28470588235294114
0.28470588235294114
0.2717647058823529
0.2588235294117647
0.2717647058823529
0.2717647058823529
0.28470588235294114
0.28470588235294114
0.2717647058823529
0.2717647058823529
0.28470588235294114
0.2588235294117647
0.2717647058823529
0.2588235294117647
0.2588235294117647
0.2588235294117647
0.2588235294117647
0.2717647058823529
0.24588235294117644
0.2588235294117647
0.2588235294117647
0.24588235294117644
0.24588235294117644
0.24588235294117644
0.2329411764705882
0.2588235294117647
0.24588235294117644
0.2588235294117647
0.2717647058823529
0.2588235294117647
0.2588235294117647
0.24588235294117644
0.24588235294117644
0.2588235294117647
0.24588235294117644
0.24588235294117644
0.2588235294117647
0.2329411764705882
0.2329411764705882
0.24588235294117644
0.2329411764705882
0.2588235294117647
0.24588235294117644
0.21999999999999997
0.21999999999999997
0.24588235294117644
0.21999999999999997
0.2329411764705882
0.2329411764705882
0.24588235294117644
0.21999999999999997
0.2329411764705882
0.2329411764705882
0.24588235294117644
0.20705882352941174
0.2329411764705882
0.2329411764705882
0.21999999999999997
0.21999999999999997
0.2329411764705882
0.21999999999999997
0.21999999999999997
0.20705882352941174
0.20705882352941174
0.2329411764705882
0.21999999999999997
0.20705882352941174
0.2329411764705882
0.2329411764705882
0.2329411764705882
0.2329411764705882
0.21999999999999997
0.21999999999999997
0.21999999999999997
0.2329411764705882
0.21999999999999997
0.20705882352941174
0.21999999999999997
0.20705882352941174
0.20705882352941174
0.1941176470588235
0.21999999999999997
0.20705882352941174
0.21999999999999997
0.1941176470588235
0.20705882352941174
0.20705882352941174
0.20705882352941174
0.18117647058823527
0.1941176470588235
0.1941176470588235
0.1941176470588235
0.20705882352941174
0.20705882352941174
0.20705882352941174
0.1941176470588235
0.1941176470588235
0.20705882352941174
0.18117647058823527
0.20705882352941174
0.20705882352941174
0.18117647058823527
0.18117647058823527
0.18117647058823527
0.1941176470588235
0.18117647058823527
0.1941176470588235
0.18117647058823527
0.1941176470588235
0.20705882352941174
0.18117647058823527
0.18117647058823527
0.1941176470588235
0.1941176470588235
0.18117647058823527
0.18117647058823527
0.1941176470588235
0.18117647058823527
0.18117647058823527
0.18117647058823527
0.1941176470588235
0.18117647058823527
0.1941176470588235
0.16823529411764704
0.1941176470588235
0.18117647058823527
0.16823529411764704
0.18117647058823527
0.16823529411764704
0.18117647058823527
0.18117647058823527
0.18117647058823527
0.16823529411764704
0.16823529411764704
0.16823529411764704
0.16823529411764704
0.18117647058823527
0.18117647058823527
0.16823529411764704
0.18117647058823527
0.18117647058823527
0.18117647058823527
0.16823529411764704
0.16823529411764704
0.18117647058823527
0.1552941176470588
0.18117647058823527
0.18117647058823527
0.16823529411764704
0.16823529411764704
0.18117647058823527
0.16823529411764704
0.18117647058823527
0.18117647058823527
0.14235294117647057
0.16823529411764704
0.16823529411764704
0.1552941176470588
0.1552941176470588
0.1552941176470588
0.1552941176470588
0.16823529411764704
0.18117647058823527
0.1552941176470588
0.16823529411764704
0.16823529411764704
0.16823529411764704
0.16823529411764704
0.1552941176470588
0.1552941176470588
0.1552941176470588
0.1552941176470588
0.16823529411764704
0.14235294117647057
0.1552941176470588
0.14235294117647057
0.1552941176470588
0.14235294117647057
0.16823529411764704
0.14235294117647057
0.1552941176470588
0.14235294117647057
0.1552941176470588
0.1552941176470588
0.16823529411764704
0.1552941176470588
0.1552941176470588
0.16823529411764704
0.12941176470588234
0.1552941176470588
0.14235294117647057
0.1552941176470588
0.14235294117647057
0.14235294117647057
0.14235294117647057
0.14235294117647057
0.14235294117647057
0.1552941176470588
0.1552941176470588
0.14235294117647057
0.1552941176470588
0.1552941176470588
0.14235294117647057
0.1552941176470588
0.1552941176470588
0.14235294117647057
0.1552941176470588
0.12941176470588234
0.14235294117647057
0.14235294117647057
0.14235294117647057
0.14235294117647057
0.14235294117647057
0.12941176470588234
0.1164705882352941
0.12941176470588234
0.14235294117647057
0.1164705882352941
0.14235294117647057
0.14235294117647057
0.12941176470588234
0.14235294117647057
0.12941176470588234
0.12941176470588234
0.12941176470588234
0.14235294117647057
0.12941176470588234
0.12941176470588234
0.14235294117647057
0.12941176470588234
0.14235294117647057
0.14235294117647057
0.12941176470588234
0.1164705882352941
0.14235294117647057
0.14235294117647057
0.12941176470588234
0.12941176470588234
0.12941176470588234
0.14235294117647057
0.14235294117647057
0.14235294117647057
0.14235294117647057
0.14235294117647057
0.12941176470588234
0.12941176470588234
0.12941176470588234
0.1164705882352941
0.14235294117647057
0.14235294117647057
0.1164705882352941
0.14235294117647057
0.12941176470588234
0.14235294117647057
0.1164705882352941
0.14235294117647057
0.12941176470588234
0.12941176470588234
0.1164705882352941
0.1164705882352941
0.14235294117647057
0.1164705882352941
0.12941176470588234
0.1164705882352941
0.12941176470588234
0.12941176470588234
0.12941176470588234
0.1164705882352941
0.14235294117647057
0.12941176470588234
0.12941176470588234
0.12941176470588234
0.12941176470588234
0.12941176470588234
0.12941176470588234
0.1164705882352941
0.12941176470588234
0.12941176470588234
0.10352941176470587
0.1164705882352941
0.1164705882352941
0.14235294117647057
0.1164705882352941
0.1164705882352941
0.12941176470588234
0.1164705882352941
0.10352941176470587
0.1164705882352941
0.1164705882352941
0.1164705882352941
0.1164705882352941
0.1164705882352941
0.1164705882352941
0.1164705882352941
0.1164705882352941
0.1164705882352941
0.1164705882352941
0.1164705882352941
0.1164705882352941
0.1164705882352941
0.1164705882352941
0.1164705882352941
0.1164705882352941
0.12941176470588234
0.10352941176470587
0.1164705882352941
0.12941176470588234
0.10352941176470587
0.12941176470588234
0.1164705882352941
0.12941176470588234
0.10352941176470587
0.1164705882352941
0.1164705882352941
0.12941176470588234
0.1164705882352941
0.09058823529411764
0.1164705882352941
0.10352941176470587
0.1164705882352941
0.10352941176470587
0.10352941176470587
0.1164705882352941
0.10352941176470587
0.1164705882352941
0.1164705882352941
0.1164705882352941
0.09058823529411764
0.12941176470588234
0.1164705882352941
0.1164705882352941
0.1164705882352941
0.12941176470588234
0.12941176470588234
0.09058823529411764
0.1164705882352941
0.10352941176470587
0.1164705882352941
0.10352941176470587
0.10352941176470587
0.10352941176470587
0.10352941176470587
0.10352941176470587
0.1164705882352941
0.09058823529411764
0.10352941176470587
0.09058823529411764
0.1164705882352941
0.09058823529411764
0.1164705882352941
0.1164705882352941
0.1164705882352941
0.1164705882352941
0.1164705882352941
0.09058823529411764
0.1164705882352941
0.10352941176470587
0.12941176470588234
0.1164705882352941
0.1164705882352941
0.1164705882352941
0.10352941176470587
0.10352941176470587
0.10352941176470587
0.10352941176470587
0.10352941176470587
0.12941176470588234
0.10352941176470587
0.09058823529411764
0.1164705882352941
0.10352941176470587
0.1164705882352941
0.10352941176470587
0.1164705882352941
0.09058823529411764
0.10352941176470587
0.09058823529411764
0.09058823529411764
0.10352941176470587
0.10352941176470587
0.10352941176470587
0.10352941176470587
0.10352941176470587
0.10352941176470587
0.10352941176470587
0.09058823529411764
0.10352941176470587
0.10352941176470587
0.10352941176470587
0.1164705882352941
0.09058823529411764
0.09058823529411764
0.1164705882352941
0.10352941176470587
0.10352941176470587
0.1164705882352941
0.10352941176470587
0.10352941176470587
0.10352941176470587
0.09058823529411764
0.10352941176470587
0.1164705882352941
0.10352941176470587
0.10352941176470587
0.09058823529411764
0.10352941176470587
0.10352941176470587
0.10352941176470587
0.09058823529411764
0.1164705882352941
0.09058823529411764
0.10352941176470587
0.10352941176470587
0.09058823529411764
0.10352941176470587
0.06470588235294117
0.09058823529411764
0.09058823529411764
0.0776470588235294
0.09058823529411764
0.0776470588235294
0.09058823529411764
0.10352941176470587
0.09058823529411764
0.10352941176470587
0.10352941176470587
0.10352941176470587
0.10352941176470587
0.09058823529411764
0.09058823529411764
0.10352941176470587
0.09058823529411764
0.0776470588235294
0.09058823529411764
0.10352941176470587
0.0776470588235294
0.09058823529411764
0.10352941176470587
0.0776470588235294
0.09058823529411764
0.09058823529411764
0.0776470588235294
0.0776470588235294
0.10352941176470587
0.09058823529411764
0.10352941176470587
0.10352941176470587
0.10352941176470587
0.09058823529411764
0.09058823529411764
0.10352941176470587
0.09058823529411764
0.09058823529411764
0.09058823529411764
0.09058823529411764
0.09058823529411764
0.10352941176470587
0.09058823529411764
0.09058823529411764
0.09058823529411764
0.09058823529411764
0.10352941176470587
0.0776470588235294
0.09058823529411764
0.0776470588235294
0.10352941176470587
0.10352941176470587
0.10352941176470587
0.0776470588235294
0.0776470588235294
0.09058823529411764
0.10352941176470587
0.09058823529411764
0.09058823529411764
0.0776470588235294
0.0776470588235294
0.10352941176470587
0.10352941176470587
0.09058823529411764
0.09058823529411764
0.09058823529411764
0.0776470588235294
0.09058823529411764
0.06470588235294117
0.0776470588235294
0.06470588235294117
0.0776470588235294
0.09058823529411764
0.09058823529411764
0.0776470588235294
0.09058823529411764
0.09058823529411764